
# Contém matriz A, vetores b, tolerância e número máximo de iterações.
# Todas as instâncias foram geradas assumindo:
# x_exato = vetor de uns
# e b = A @ x_exato

A = [
    [40.2198463194567, 1.43305984484596, 2.02183736695958, 1.4640491986503, 1.70140086249802, 1.42293228106412, 1.51543870333359, 1.77552133491993, 2.05687129701949, 1.68866428216982],
    [1.43305984484596, 44.4409476561607, 2.55007935262496, 2.12824298928796, 2.59008461225948, 1.3418714914805, 2.00643041101459, 2.16268976263889, 2.79957848973653, 2.28883955427593],
    [2.02183736695958, 2.55007935262496, 48.9719150226645, 2.79727569949963, 2.8935281911451, 2.17064494436112, 2.26250149064733, 2.81308168568755, 3.55882005426189, 2.76407508948141],
    [1.4640491986503, 2.12824298928796, 2.79727569949963, 47.3686181997494, 2.28611011192615, 2.04130189367591, 2.61676764822849, 2.52326219824381, 3.30192687852894, 3.06961043371228],
    [1.70140086249802, 2.59008461225948, 2.8935281911451, 2.28611011192615, 47.454569552999, 1.69591529805831, 2.28020106671176, 3.04292577939987, 3.19919063406105, 2.62514184894332],
    [1.42293228106412, 1.3418714914805, 2.17064494436112, 2.04130189367591, 1.69591529805831, 42.15375397184, 2.01689576897198, 2.09301177472792, 2.08589402356551, 2.14521534793876],
    [1.51543870333359, 2.00643041101459, 2.26250149064733, 2.61676764822849, 2.28020106671176, 2.01689576897198, 46.1015387308778, 2.61875468544466, 3.28046727019451, 2.36401053833499],
    [1.77552133491993, 2.16268976263889, 2.81308168568755, 2.52326219824381, 3.04292577939987, 2.09301177472792, 2.61875468544466, 47.829813717393, 3.20755461139295, 2.45294073694155],
    [2.05687129701949, 2.79957848973653, 3.55882005426189, 3.30192687852894, 3.19919063406105, 2.08589402356551, 3.28046727019451, 3.20755461139295, 51.5118926893568, 2.88151828260007],
    [1.68866428216982, 2.28883955427593, 2.76407508948141, 3.06961043371228, 2.62514184894332, 2.14521534793876, 2.36401053833499, 2.45294073694155, 2.88151828260007, 47.420087262394],
]

# é possível adicionar outros vetores b aqui
vetores_b = [
    [55.2996214909175, 63.7418241643255, 72.803758897333, 69.5971652515028, 69.769067958002, 59.1674367956842, 67.0630063137597, 70.5195562867902, 77.8837142307178, 69.7001033767921],
]

tolerancia = 1e-10

max_iteracoes = 1000
